10
357 125 870 511 252 16004 918 106 905 468 588 127 144 230 874 12859 623 583 300 486 243 455 89 887 579 226 10413 388 735 161 747 131 977 3286 641 494 12017 743 10478 746 878 105 118 816 992 126 703 523 197 899 212 556 896 853 731 378 776 634 19 724 821 97 94 644 694 371 902 167 274 307 4873 908 587 640 247 967 682 143 682 969 231 573 848 13742 9955 287 261 533 15092 469 624 258 922 731 166 459 10765 641 394 45
988 484 448 620 539 681 306 8862 896 71 361 16092 740 774 560 229 75 173 911 300 641 650 368 58 890 217 156 7938 11937 820 248 993 945 312 267 129 670 876 100 3165 415 765 151 195 912 2515 866 205 69 18932 356 615 328 843 320 935 862 182 5 14556 701 559 69 28 865 644 279 699 679 7606 508 437 127 347 375 40 899 869 8906 979 267 37 220 642 598 792 697 344 95 702 964 472 13736 329 26 249 733 950 496 4368
645 764 4536 650 155 14758 16976 653 960 192 652 361 808 810 16006 951 285 303 849 878 347 654 745 509 180 14526 124 8613 13 257 710 17769 23 293 11566 18519 973 30 118 190 232 6129 743 288 66 233 6409 477 13031 255 287 260 657 194 876 540 388 954 419 79 592 643 100 437 536 619 362 91 609 303 377 630 794 905 296 180 36 676 224 368 376 506 5557 852 326 843 63 476 927 898 804 356 11901 83 839 937 121 32 980 311
143 183 134 577 714 954 380 572 2268 352 809 676 216 800 432 2612 115 464 492 167 774 265 833 192 35 877 246 522 8383 3 231 676 611 203 357 762 602 221 149 828 361 401 261 9 8368 9 648 8 81 621 7531 505 753 843 329 228 413 38 902 733 11 232 359 39 982 723 901 760 127 982 152 373 132 346 814 827 154 281 241 454 493 114 670 618 285 173 47 16711 989 18316 146 242 10596 8720 555 28 46 827 129 640
656 716 467 886 846 572 380 932 14359 1 389 404 6360 748 971 182 232 222 802 835 580 435 222 750 640 831 10277 502 253 15112 97 758 450 745 512 904 488 307 77 565 391 12 44 357 826 397 175 704 10255 47 192 404 118 240 165 428 334 888 966 619 89 886 472 198 866 343 778 322 561 915 97 556 178 610 57 227 56 583 56 594 440 72 693 559 969 123 436 292 14822 8299 990 415 275 278 687 892 374 334 580 1000
597 351 942 31 272 528 337 708 112 681 209 54 935 133 925 179 19614 880 15367 85 864 624 686 133 902 3777 206 994 681 403 727 717 328 117 12396 992 525 339 926 893 12791 926 280 833 572 260 153 232 891 31 18614 790 279 185 861 635 19137 786 70 632 13 344 824 477 146 832 864 731 304 965 13233 929 253 12245 571 946 185 805 659 385 12486 669 285 869 255 652 381 671 586 91 667 642 640 149 85 587 161 307 187 976
471 346 614 223 13380 534 185 699 2412 906 371 52 28 912 58 581 217 191 989 530 178 922 706 106 110 150 142 113 423 490 975 188 390 951 502 4473 103 205 524 16933 5419 20 9245 916 502 785 78 92 232 620 268 322 780 11917 179 836 906 131 805 806 798 532 695 222 962 605 608 187 896 588 617 802 19023 944 460 627 776 911 200 617 288 487 258 133 981 754 887 702 738 777 914 560 497 566 595 568 689 957 50 261
897 412 181 19 19715 473 445 713 3817 940 544 32 999 955 936 769 6337 980 283 8921 171 537 17494 726 128 377 352 215 424 750 353 929 966 442 831 584 495 950 50 375 238 683 11143 639 903 368 741 495 884 353 806 546 484 17826 467 78 939 432 550 445 404 977 352 17890 23 471 137 808 651 880 13356 256 343 821 439 18342 14434 184 695 255 182 769 834 571 80 462 136 749 365 8935 656 199 14560 16170 725 243 270 805 135 29
742 656 786 974 1 853 466 307 9410 993 535 917 227 42 678 825 309 769 468 919 789 905 934 17573 764 60 277 994 291 967 3 700 461 30 464 411 10246 228 569 265 714 353 430 241 676 612 656 272 945 725 768 368 412 885 601 738 3207 225 91 68 206 650 978 699 134 992 870 843 771 742 9450 755 18491 383 190 321 879 607 876 3982 683 194 738 625 781 494 326 655 630 414 164 251 598 321 126 12789 158 313 427 540
613 318 504 626 17818 717 871 868 388 473 881 822 390 182 987 195 11172 623 598 574 16050 659 9514 5737 641 208 16135 862 285 301 737 570 486 755 478 956 39 2848 484 739 634 7805 414 249 402 403 640 860 718 2596 115 54 414 12304 69 297 908 792 888 795 682 622 576 4 457 687 794 951 77 180 886 750 443 982 720 137 759 939 327 824 826 114 407 562 2544 247 3020 704 234 528 758 466 17283 438 4573 328 221 37 857 607
